2 0.6295243104869394 0.46653122366682354 0.06032898193241195 0.10329881977032845
0 0.6963518561403151 0.5063511677988626 0.052335939461633944 0.10154775075959611
0 0.7649038904331205 0.566685049223673 0.07095565945791243 0.12361498221155319
1 0.7936753203621651 0.7131394562596264 0.13198928549576466 0.21984459070113663
1 0.636670168992539 0.7735967725063438 0.119007385096828 0.20227015301123752
1 0.6012967573684207 0.6139290695840584 0.08377051254807741 0.12840532899236123
0 0.582520603977051 0.5259771966563438 0.044973297847953266 0.08704565228630058
2 0.5308352930691475 0.48623931231300427 0.0665786415747651 0.09362012952436868
2 0.4878463352298243 0.5739125382557126 0.0797647109066455 0.1268195672142678
0 0.4494302839312774 0.5251064127719375 0.03358629378075503 0.06953733748945723
0 0.39605660587738767 0.553583408056944 0.03607144233879145 0.07673879455631326
0 0.3772695051954277 0.6189579724220007 0.052428743522062796 0.10865002348686885
2 0.44406854287685593 0.7219550823802392 0.09957165612259446 0.1787494055672982
1 0.500240569655874 0.8757915967837113 0.1286881279597732 0.21118961764229802
2 0.2625092122971465 0.8011764545642357 0.13085774271235168 0.1942433474364271
0 0.2884279445724434 0.6474857475320387 0.05229881783746238 0.09870684166868703
1 0.21006457497827366 0.6670609965644883 0.060477468429098104 0.11466245613396482
1 0.038000712517561236 0.7210442075679608 0.056081889733865006 0.08324714890132577
0 0.059373712716391636 0.7627486541520831 0.06474245468591178 0.07508809754040416
1 0.07857643140882468 0.8485533145383521 0.07212432386549714 0.152057134567172