2 0.6344515738616142 0.5119821651814616 0.05242161647693564 0.0885666382346661
0 0.6971268747948338 0.568336239833139 0.04539036647693564 0.08842118756630254
0 0.7603905338854433 0.6448211227810184 0.06197389448011279 0.10681612801470648
1 0.7806201233734993 0.7951276987764934 0.11587619034019755 0.18708175528678656
1 0.6245133094529886 0.8129432691845725 0.10402107264544594 0.1729504486172917
1 0.5990555905007058 0.647463963116249 0.07447389448011296 0.1070747069806861
0 0.5856692004848197 0.5574447643044509 0.03903127232113448 0.07718078697220171
2 0.5374879348600257 0.5049583743900261 0.05934377232113448 0.07760097779191852
2 0.4913288652574721 0.5788447121791165 0.07133525771063773 0.10562117335030226
0 0.45638112093951494 0.5212224710022273 0.027943767856907442 0.06167675259919163
0 0.4033788518647915 0.5348214316076408 0.030355701704283432 0.06866968059975737
0 0.3812953461827486 0.5936234393168123 0.04467730032431163 0.09534947082537333
2 0.44067123335761327 0.711863875450914 0.08665629464226861 0.15453934698351413
1 0.48650963615727194 0.8838674351439648 0.11281937418757337 0.19396155498973636
2 0.26006413859290384 0.7412996343093765 0.1171932284896446 0.1621140776575342
0 0.293822619721699 0.5982112698564477 0.04536309293798535 0.08564340978852478
1 0.21645159618274862 0.597033449430669 0.05174946063273707 0.0996615881604034
1 0.04656381310643653 0.6040207294716772 0.04988695170428333 0.06907371023410051
0 0.06498939488385472 0.6501767999858592 0.05993410754848196 0.058172694532847735
1 0.07914339813026561 0.7387909487233947 0.06068412986961631 0.13456158342173663