2 0.34567462210546734 0.5231041394811943 0.05610374631109616 0.09201649940685899
0 0.2802279655810015 0.5778898152233438 0.048926712818273196 0.09186774304148702
0 0.21333607733493512 0.6546760079349974 0.06621642663859183 0.11068075031826377
1 0.18808883637594911 0.8076553582330142 0.12366431435662723 0.19420757942247813
1 0.34661554688605994 0.8301289273623925 0.11128466699392357 0.17975510669231262
1 0.3774850220415945 0.6623422394898717 0.07897559729249932 0.11094520607892475
0 0.39413598038589764 0.5710121697962763 0.04217099510412057 0.07895142425206556
2 0.4447462608668498 0.5187616261717718 0.06294643990418697 0.08080161940859427
2 0.4895598045736739 0.5957311249710274 0.07578580462902254 0.11087909213875946
0 0.5267597399409822 0.5382280061917295 0.030588795907286175 0.06451548000694177
0 0.5809670144283583 0.5535647528716049 0.03314831035476 0.070246883643884
0 0.6015193823553684 0.6143968686345799 0.04833822708973678 0.09895348728371851
2 0.5373818565583852 0.7331691128623491 0.0924000568418664 0.16090904244545357
1 0.48556976665291823 0.9035032318731379 0.12068348413048302 0.19299353625372426
2 0.7206520519061775 0.7689474201796198 0.12450694591396795 0.1686724545743788
0 0.6906873032265881 0.6212196498682979 0.04884312784334011 0.08902683395057794
1 0.7696346716476408 0.6228559698873879 0.05564063804495946 0.10336360728545396
1 0.9424301687164619 0.6349653784140803 0.053126306988956915 0.07208055031537132
0 0.9226888125713408 0.6821704505308573 0.0623613450796552 0.06091525577223064
1 0.905282198548635 0.7720635371939566 0.06545738005618397 0.13905678425727205