1 0.42291939823111957 0.9373879081017061 0.06347917177108627 0.12522418379658773
0 0.6159871765530924 0.869557319024276 0.055672426692244086 0.14805543987214748
0 0.6557991074518759 0.7402636798953477 0.04664039696111997 0.10850227323719816
2 0.6638557404254353 0.6407690894681782 0.07651461079759778 0.11004652892583443
2 0.5673408919403606 0.5770910406030151 0.05266897696612286 0.08229106684880179
0 0.5485524203650437 0.6480837338299902 0.03698687413183408 0.08566824483096598
1 0.45261014334992655 0.7262670572701293 0.0782516082654741 0.12688758207733872
1 0.2909428665391935 0.8492617587217254 0.09067529772042546 0.19174296674713986
1 0.17428479049555168 0.7943239693257212 0.08808352405393197 0.1678780350645765
1 0.02906279874338187 0.7013868410024849 0.05812559748676374 0.1122708887088804
0 0.023372614353299823 0.5832075279955657 0.03691826145522953 0.07868500460750245
1 0.0994137976823258 0.5291479116700036 0.05578618598353142 0.07966032398979905
1 0.15349441027734262 0.5487117314304193 0.05195142612071501 0.08923366876466975
2 0.21111474822577594 0.6082832120025565 0.08131392714159892 0.11867024703956519
1 0.36285604100516466 0.5749049688962915 0.050365376541368904 0.08775574410478572
2 0.3029537831847378 0.6675274868880671 0.09713325532909697 0.12925954950432822
2 0.4509975414545194 0.6102030354840471 0.07408750755495562 0.10294137377958389
0 0.4810481587458095 0.553766078164137 0.03442254553598257 0.06459660923778807
0 0.4300367262945779 0.5420463758799142 0.03125044637729045 0.0616407599180197
0 0.31640179102545796 0.5396657605440685 0.02657463285117768 0.06558687420652388
1 0.2859403904291208 0.5178294698997917 0.0438976754060963 0.0692742130630145
0 0.21161850302393034 0.47695765749384345 0.02489252552458505 0.05433241323379053
0 0.1856770963018752 0.5154413817707264 0.03203660989930294 0.06168139822561542