1 0.602197006521176 0.8898154446745749 0.07544067182017332 0.13853216681370478
0 0.3997358272250393 0.8780269930735506 0.069136850925451 0.1656413857375599
0 0.3494838535985175 0.7576614905899771 0.05670780266726344 0.12335157467800226
2 0.33352656487574717 0.6582049240140244 0.08755854522870148 0.13327154559660603
2 0.4281002935912087 0.5671387425021448 0.06059936432935878 0.0990235866258087
0 0.4523734746989503 0.6338391814360864 0.04520228167133609 0.09838636773711167
1 0.5565343805832588 0.6871496881682668 0.09091319080538622 0.15069676322401548
1 0.7309996972270074 0.7678017691411773 0.10838363696949974 0.2205653229148896
1 0.8462143577628316 0.6794826782804982 0.10417147091684648 0.19590195650022438
1 0.9750877700254035 0.5466620863205877 0.04295975417488661 0.1271041980324047
0 0.979945859629623 0.4232955498771038 0.03460142885587128 0.08786392053448601
1 0.9032056144028775 0.3890176673753429 0.06301162356198559 0.0962423557541468
1 0.8495041320448639 0.42437237494229774 0.06063708249295388 0.10478727538661561
2 0.7947282497702096 0.5001064416711484 0.09248678864384205 0.14355922794550127
1 0.6371013161774469 0.5080704730114304 0.0590069074091053 0.10327927752391929
2 0.705049761076743 0.5859281684998389 0.10959891225380235 0.15867274440870985
2 0.5492085899926586 0.5686089858390962 0.08426047689740931 0.12449186111040679
0 0.5142874083649585 0.5196356050587888 0.04099954515958128 0.07516392351264817
0 0.565901666778443 0.4937307363187632 0.03692882222040943 0.07211438995100872
0 0.6819735639173259 0.46011638193137905 0.03288638790393367 0.07338762295997445
1 0.7113450040492959 0.4286496538322436 0.05077116612177356 0.08277098849862308
0 0.7846604498884352 0.36727389986682557 0.029569460490843948 0.061726094093371826
0 0.8140268913770459 0.3984705181233418 0.03854956776335918 0.07218146562350315