1 0.44427561006559046 0.9167733548607166 0.0670975544178391 0.14126245793898046
0 0.6374338113555198 0.8155779276198687 0.05839985778925293 0.1523533589131131
0 0.6728269045508689 0.6780861585087411 0.04936811177877884 0.11230789625088246
2 0.6773468584399921 0.5763624966876708 0.07968042123130607 0.1146705275964397
2 0.5773178696002069 0.5261947170229367 0.054783224248919585 0.08691327331693008
0 0.5610539738907909 0.6005790300392614 0.03885281923052889 0.08925829988146945
1 0.46674686814540567 0.6937283947075255 0.0813866673570069 0.1317655703945313
1 0.30780034456256045 0.8428757533980192 0.09457267888777088 0.19750318550653614
1 0.18790474519727135 0.8039812359821564 0.09203186799821311 0.17470153040030792
1 0.03787750044921303 0.7312153619396008 0.0605509443999416 0.11549592311025042
0 0.027524034326296243 0.6114844823645136 0.038797144333547647 0.08073557260874219
1 0.10246996384832634 0.5459312101546889 0.057147731298036554 0.08272629205952194
1 0.1579854028712058 0.5584125638300993 0.054022892681037805 0.09257029737242982
2 0.21854070750046473 0.6098076527475986 0.0837326161071302 0.1247376800462139
1 0.3705192577995978 0.5539356109844032 0.05241871719980253 0.09110025457433837
2 0.3133630853883578 0.6565854578697666 0.100543981636862 0.13520153851708405
2 0.4611966493166979 0.5766896594654364 0.07724168098621396 0.10749387249021147
0 0.4891070557766894 0.5147299225265844 0.036312008340971307 0.06645664477524123
0 0.4372358083972028 0.5106597225554682 0.03231548836212829 0.06491221959819414
0 0.32247286613326187 0.52488348583624 0.028346805831775866 0.06762915805751084
1 0.29084839506321986 0.5066867174621841 0.045909223779892434 0.07101553792742686
0 0.21408459027609514 0.4771067263160319 0.025880228138193156 0.056191139314918974
0 0.18923406838662424 0.5190809231132462 0.03390110554436979 0.06354135330537664