1 0.7124769165927454 0.49913401600500595 0.03901775974234795 0.069307360954991
0 0.7011453492663849 0.5373680802096136 0.042848761110665524 0.05175470574832667
1 0.6904262014340926 0.6137125157562793 0.04804593266810649 0.11777976315163267
1 0.7933272779657718 0.5913894661793527 0.06294485448418195 0.12233213989151132
0 0.8394134884346224 0.6942671287467495 0.06379254561123182 0.12380694609358008
1 0.5770551638123549 0.5459833051165766 0.04351986225619982 0.09281042422339998
1 0.6801541739968265 0.8894320535989138 0.1281779501660429 0.18311482423939185
2 0.5451241772533275 0.6855865923206741 0.10133944887710523 0.1535163336910771
0 0.5098542243026594 0.5759997922348866 0.0393293424170601 0.08836894453270361
1 0.427802298772998 0.607636104773427 0.04698253045856353 0.10310847601114749
0 0.40231798372415606 0.5543900205416831 0.03317979344521803 0.06484882017980537
0 0.34737261370960115 0.5652212312197307 0.03327566503743717 0.07071392281910155
2 0.31198970480356675 0.6388890317140924 0.081914456649123 0.12399461802296576
2 0.37711742113152286 0.7357053891705625 0.08571267542425386 0.15482052904824992
1 0.3462586514771708 0.9104822311259473 0.11473473162351926 0.16684930330541026
1 0.1842532295913132 0.9209561366359954 0.1293700065609919 0.15527264778722472
0 0.058020541488157155 0.7331458716511272 0.05691514500261379 0.10614339383773314
1 0.1949951072279894 0.7676450247619343 0.09853272861735292 0.1329628828268063
0 0.20171107105801425 0.6590894426814861 0.046646979885796476 0.08258061677361084
2 0.13368957757321895 0.6385364806203561 0.07268572584379385 0.11363685243950458
2 0.2548639491325794 0.581572546379301 0.06820759122799674 0.09160006483091998