1 0.7126350979616396 0.5794415517114303 0.04368230646092601 0.07571381697467285
0 0.6979833972077204 0.6101424717132962 0.04561493359640161 0.06011360886307186
1 0.6808088881377866 0.6771021704568515 0.057064973522826544 0.12413323096212216
1 0.7804865179674338 0.7030660754333309 0.07162800294580528 0.13138425501978868
0 0.8138387044035191 0.8199436768283441 0.07246724359914113 0.1328129735280431
1 0.5797362963340175 0.5630576877179908 0.05073057158734443 0.09850720140434274
1 0.6414735511930844 0.9126667075719586 0.14112797993482198 0.16334495582055875
2 0.5361347347637233 0.6807327615231703 0.11107570455659077 0.1715536525068993
0 0.5130657895090047 0.5609068195208526 0.045820505129729405 0.09419625399118123
1 0.43231456231888093 0.5546392070363448 0.05421291166308701 0.10848343907372314
0 0.4137501776308328 0.4930229775278649 0.037932999349975315 0.06997415105325705
0 0.36026015723839794 0.47794753105404175 0.038855824978244066 0.07424377865242042
2 0.3196044152147911 0.5330730210824233 0.0893808250322607 0.1386683349286538
2 0.3718011147674693 0.6533075557152809 0.09584060443014271 0.16855572812279684
1 0.3255931599062272 0.8044004991712406 0.12429459257263031 0.18731087591169365
1 0.16791247185746205 0.7726436860431906 0.1458189112430893 0.24149474770895776
0 0.06998563395799741 0.5079525138395513 0.06399125209085034 0.11568487935459179
1 0.19639019632798446 0.6018420541510596 0.105705920736844 0.15161770509373762
0 0.2134009263520571 0.5022036368992502 0.052872161160152836 0.09000926602001448
2 0.15091250835799974 0.4524096936897872 0.08027455530796705 0.12721379497422125
2 0.27136897389171827 0.45258228985249427 0.07322629018154872 0.10442041054455119