1 0.27384459875729317 0.4896572644002844 0.03885384930404107 0.06856906004667647
0 0.28290825569740674 0.5272920817284816 0.042434037771681504 0.05170208302315317
1 0.2895599718614152 0.6009109780016814 0.047857537367236 0.11534358057590073
1 0.19128403811523487 0.5755597228365668 0.06224026802810353 0.11987670057935217
0 0.1422272646613108 0.6720476788327872 0.06306625761347215 0.12130556506165306
1 0.4021101592039678 0.5403587851848335 0.04333952393977969 0.09125010562202322
1 0.2859993464625069 0.8778046590569664 0.12760798143979868 0.20311241283574602
2 0.42600593157904615 0.6758045843627275 0.10025330874748216 0.1517225967842209
0 0.4653037640709243 0.5720490426767281 0.039274253596372294 0.08693064196758042
1 0.5427507444318773 0.6054475614150118 0.04670815986468954 0.09979042230828927
0 0.5697085917273683 0.5551342446604147 0.03320127737333209 0.06421672618469401
0 0.6222276591714039 0.5675266140893612 0.033298293748485516 0.06845401432028723
2 0.6527212379366539 0.6402261340971267 0.08055891386550734 0.1230795667231218
2 0.5855398513956328 0.7306863651925152 0.08441263166618415 0.15280632408735395
1 0.6070721911821826 0.899997599247615 0.11244911977770417 0.16468098774754897
1 0.7608551722963419 0.9198744805388352 0.12940683556983076 0.16025103892232953
0 0.8929825175601619 0.7412922560389421 0.056328985763652493 0.1042249316891213
1 0.7593507256017215 0.7689066077959029 0.09662596248883007 0.13188284506970627
0 0.758188537013268 0.6636066611283735 0.04628775557235832 0.0814288403873853
2 0.8244819571786153 0.6466091928203708 0.07160238359332406 0.11301177493193545
2 0.7103154877669949 0.5870144953913428 0.06711670895758563 0.09033072935658885