1 0.7887705997283562 0.5534880829701354 0.060585502327532424 0.08581306573412377
0 0.73305391917601 0.6031864421440415 0.04494456709920644 0.09403044478968364
1 0.808583389689442 0.6898522156524783 0.05723103120094843 0.14443165630806956
0 0.7788267101577726 0.821514500181064 0.0800434958746342 0.146063942711027
1 0.6793918439082816 0.661983327260025 0.06877647839536036 0.11941387341304767
1 0.6162488742525578 0.5558944884959669 0.03235222821168419 0.09250378937491378
0 0.5435904998753385 0.5614277995888253 0.0392767520212674 0.07721379002896198
1 0.5033323825834266 0.664353168213022 0.07273474107606523 0.12224779680558216
1 0.47650855059691394 0.8944994535440202 0.09238485011765979 0.20205174640818419
1 0.26580897267530174 0.7715239624202497 0.09666271011946573 0.15740776174179535
1 0.18956682307976241 0.7323320342404213 0.08626419137413015 0.1391457061726022
1 0.09391759106968532 0.7180766343493163 0.08292742179158687 0.11956013170438458
0 0.14211281752598806 0.6229140845772281 0.043193847096009215 0.07585776928741841
0 0.2118912449949745 0.5642837714041561 0.035304766805241625 0.07298321859173473
1 0.2623409462526289 0.6185706878748204 0.06766097402564564 0.08588619487979222
2 0.36956108102339996 0.650402007503717 0.08767184799430414 0.12240218055754898
1 0.4611050814729619 0.566859542423811 0.03626932328642627 0.09114776863337007
0 0.47394840500498053 0.513925049556194 0.021761593971855727 0.054688661180021976
0 0.43068882749130744 0.5113831771545143 0.024933693130547843 0.05751445911192673
2 0.37532406109400485 0.5568956549246571 0.05192398105007316 0.08432703762250293
2 0.3688514881954316 0.49817549609283845 0.05646256922297657 0.06621936580527626
0 0.30799043841170154 0.5443294196609187 0.0328913860979202 0.06737225003107425
2 0.28013851302589854 0.5098271514439027 0.045470002450121456 0.06750225740115137