1 0.8102485487410723 0.47478386167146974 0.07078886053114906 0.1037463976945245
0 0.7601775179923025 0.5432276657060519 0.05631538179990364 0.10806916426512968
1 0.8465410680817472 0.6073487031700289 0.07472972758293989 0.16138328530259366
0 0.8316768661812406 0.7514409221902018 0.0976843712132757 0.17146974063400577
1 0.7127829397277794 0.6210374639769453 0.08307767229265126 0.13976945244956773
1 0.6371418370848193 0.5331412103746398 0.04404655907247808 0.1037463976945245
0 0.5645957193534601 0.5634005763688761 0.048531358516985756 0.0893371757925072
1 0.5360672943183236 0.680835734870317 0.08805314007680291 0.1440922190201729
1 0.5350294021180814 0.904178674351585 0.11360986592937643 0.19164265129682997
1 0.31003660970364055 0.8688760806916427 0.11592775308849868 0.1873198847262248
1 0.22900820989833154 0.8537463976945245 0.10401637851133799 0.16570605187319884
1 0.1309819709261266 0.8703170028818443 0.0978153570529357 0.14553314121037464
0 0.1681514130762689 0.7579250720461095 0.05258322237436015 0.0893371757925072
0 0.23121615737003265 0.6750720461095101 0.04432851978587473 0.08357348703170028
1 0.2885561453852589 0.7139769452449568 0.07815770291129129 0.10662824207492795
2 0.3999069140261864 0.7110951008645533 0.10275308111865329 0.1484149855907781
1 0.4823817439420536 0.595821325648415 0.047250306439943345 0.10230547550432277
0 0.48895685106021897 0.537463976945245 0.028327537632905492 0.06051873198847262
0 0.4455175430072659 0.5497118155619597 0.031682259874107575 0.06484149855907781
2 0.3949280947174562 0.6138328530259366 0.06260964537953197 0.10086455331412104
2 0.38126275440796675 0.5561959654178674 0.06458783907274669 0.08357348703170028
0 0.32548137054043863 0.6231988472622478 0.04089831010780451 0.07636887608069164
2 0.29360263190684105 0.5972622478386167 0.05401524932513911 0.08213256484149856