1 0.22889107823273866 0.4692737430167598 0.06863748281988223 0.09916201117318436
0 0.28169435834867446 0.534217877094972 0.053810224365199257 0.10335195530726257
1 0.2020107769282314 0.598463687150838 0.07167445604465414 0.15502793296089384
0 0.22452200883114098 0.7374301675977654 0.09390673158811838 0.1634078212290503
1 0.33196576306467823 0.6075418994413407 0.0797730124690125 0.1340782122905028
1 0.40005719670464646 0.520949720670391 0.04190792307145447 0.09916201117318436
0 0.4722937841436458 0.547486033519553 0.046295358812861974 0.08659217877094973
1 0.5067245416174206 0.6613128491620112 0.08459984206464399 0.138268156424581
1 0.5214506220096582 0.8931564245810056 0.11173434711305469 0.21368715083798884
1 0.7373235735108707 0.8358938547486033 0.1116417229266191 0.18016759776536312
1 0.8151074500968982 0.8191340782122905 0.09930002777865059 0.15921787709497207
1 0.9109741714893539 0.8324022346368715 0.09403380432879493 0.138268156424581
0 0.8684351616525219 0.7241620111731844 0.05018956026840628 0.08519553072625698
0 0.8019192481944448 0.645949720670391 0.04221807658472439 0.08100558659217877
1 0.748717525579359 0.6857541899441341 0.0757861868270327 0.10195530726256984
2 0.6406200413026294 0.6857541899441341 0.09886063392442651 0.1424581005586592
1 0.5540375661558335 0.5768156424581006 0.04505257715950478 0.09916201117318436
0 0.543906813155689 0.5202513966480447 0.027481274716199197 0.05865921787709497
0 0.5870273462642646 0.5307262569832403 0.03073577726780562 0.06284916201117319
2 0.6401138596776507 0.5914804469273743 0.05991645176870661 0.09636871508379888
2 0.6496555028050798 0.5356145251396648 0.06262171200253284 0.07960893854748603
0 0.7075139215823194 0.598463687150838 0.03889034172408079 0.07402234636871509
2 0.736710736560202 0.5726256983240223 0.05157880653983816 0.0782122905027933