0 0.32191175483773005 0.5396135921747509 0.02913185779939394 0.06060091890209345
0 0.3039977587361005 0.5772941457187444 0.034082771551198876 0.06660041390228663
1 0.2819485095678211 0.6206031394195818 0.04816256435211506 0.08891299273133661
1 0.23064019215926085 0.6105069926421903 0.053042291052826165 0.08766611091993576
0 0.1708569903205709 0.6740034328874399 0.04243870214581148 0.08722759155961354
1 0.17629311392007443 0.7851428561727216 0.09262112624682818 0.13276352019684384
1 0.34226077138512623 0.835502497773495 0.08819699667311785 0.18038721360244775
1 0.455653908183229 0.8800632202961038 0.09180133725898847 0.21530475133204494
0 0.7938570973103741 0.8411298245847999 0.0824161848259392 0.17290471098144933
1 0.6048364532566193 0.9333686294860873 0.06903815342842773 0.13326274102782523
0 0.818463099513184 0.7036853968502106 0.06573279845715149 0.1345489063914332
2 0.8130056197983522 0.594719886608407 0.10498417321612165 0.14631298233500828
1 0.5938075945452056 0.729916272143286 0.09369306031592099 0.1588842089770694
2 0.4386377951764644 0.7017511464668605 0.10099129425165963 0.15483997321648976
2 0.34397637931648856 0.6608648166140746 0.08362038388968596 0.12949391462885676
1 0.39800517997709495 0.5601588626910472 0.04646005593071118 0.08159915140276974
0 0.43167713078329173 0.5796746934472148 0.032536874642201605 0.07522860155922702
1 0.48248507468285246 0.5991742639504356 0.0628729315053422 0.09241872410872791
0 0.5433636308573059 0.548771900353785 0.04238175250493649 0.08143049011033834
0 0.5984349645154855 0.5495995524392924 0.04153761699934383 0.07849820712721425
2 0.6910124522805753 0.5534281637774889 0.06549076248343248 0.10991122523201291
0 0.6816791949346341 0.6313348446286 0.0524117167005152 0.10647295837159426