0 0.6718009116367446 0.384492666074615 0.03126086661075568 0.059964857532678065
0 0.696413932656019 0.40768224719062546 0.036212725555837155 0.06569625949129412
1 0.7258534351579755 0.4322426990752925 0.05043802417507855 0.08856401958616092
1 0.7692567578226555 0.38916628079487564 0.055222713170293855 0.0886136033629588
0 0.8376040505023374 0.4076399803205415 0.044772302039061115 0.08566526275565423
1 0.8582405542239842 0.5125718095025854 0.09479579224347924 0.13304436448643323
1 0.7227810935165894 0.6667209986102881 0.09294335917893154 0.1784658540897799
1 0.6320047126976115 0.7806222825842835 0.0987728603608105 0.21402680150294143
0 0.3211484479864552 0.9380099980533643 0.08640338571012154 0.11875717940389113
1 0.5134814251190721 0.9274915237645209 0.07653806940342013 0.13569520243295005
0 0.2681074214244337 0.8568586233275058 0.06927745093566408 0.13277991767684422
2 0.24795322676065468 0.7547635712549711 0.10797288777205208 0.14738113334577302
1 0.4743048238571156 0.7346567920202882 0.09714295334961526 0.15862907423021416
2 0.6053749287482247 0.6075499550344197 0.10419460938003851 0.1544420862590476
2 0.6802424432852823 0.5087328550250899 0.0867377256098538 0.13012081576752751
1 0.6088149255167974 0.4533479972246049 0.04863416540600749 0.0814452189332889
0 0.5836484294484429 0.4926832079969934 0.03486858414889815 0.07420245883842211
1 0.5428673099624365 0.5435473343890114 0.0649174686231242 0.09297413455291835
0 0.47688977008462663 0.5378370658654372 0.0446469245766614 0.0814038991192906
0 0.42811496814819716 0.5745751544495064 0.04376589143585909 0.07855472606558193
2 0.34662050426339164 0.6379387385620702 0.06781132297033027 0.11004438098677193
0 0.37326385182879823 0.7030234648061899 0.05492677485402315 0.10565079394561394