0 0.652585766088228 0.44622240387065215 0.02659194264903713 0.05647931234311621
0 0.6745166209055634 0.4777507303656959 0.031538588682157795 0.06105606387392293
1 0.7013464330122938 0.5123980824440244 0.04397673688054801 0.08343088730735347
1 0.7507270536047944 0.48382157442847534 0.04887569416994322 0.08071900910055085
0 0.8172775819515725 0.5252165213030786 0.038229494213770206 0.08173565872355038
1 0.8251545015496176 0.6370888102429232 0.08681905592135886 0.11872288939844526
1 0.6682582472895167 0.7450568325217374 0.0797758279471112 0.16943793702934898
1 0.5623533446379759 0.8288893825236484 0.08165361592803504 0.20594894361347615
0 0.2248529139422744 0.9089679084942989 0.07481964416524534 0.1634034595510202
1 0.42303235245382137 0.9353414725236479 0.06406852897287565 0.12931705495270432
0 0.18427971771140658 0.78189006513139 0.059007429954813305 0.12631566085021076
2 0.17679355868144495 0.6729501925606093 0.10001011200968062 0.13092756014726284
1 0.40845556383635423 0.729199315176677 0.08700027314751668 0.14641968240136072
2 0.5573932533731408 0.6471480349468749 0.09433917133286383 0.14089413914363483
2 0.6456036720894207 0.5735189571685141 0.07862233460988345 0.11838359991804338
1 0.5801255662155367 0.49352820163262157 0.04309983825692963 0.074650602674182
0 0.5495878668906844 0.5243428014006163 0.029146336529931028 0.07115835866245551
1 0.5017941329423804 0.5610046600236159 0.058730835241203934 0.0840416083720765
0 0.43597266811367097 0.5334920385985105 0.03902055309868233 0.07739640982902504
0 0.38214107729232977 0.5531355817147074 0.03817226772129927 0.07298930303841918
2 0.2917148547756086 0.5894908609871401 0.06048463248844079 0.10160217763841926
0 0.31009042635474443 0.6631575241681572 0.04736034064133503 0.09960158852225474