1 0.8227904773342976 0.6264636348504439 0.052831556484727774 0.1144644559539901
0 0.8364532436062455 0.7308032627593878 0.07033112919097707 0.12379958258667699
1 0.866659004322016 0.86759662034063 0.10199901440832826 0.2126975039025363
1 0.9518290465843033 0.8327151772978995 0.03680880635906693 0.16964545835356126
1 0.6546180835858745 0.6734480603349426 0.07920608032254524 0.151914759491783
0 0.5643210991270431 0.7165475831277749 0.05642852674673744 0.12776331263978624
1 0.4387641463142306 0.7717319156851955 0.08268417449629506 0.19597981109703913
0 0.39864014270096054 0.6367119610059161 0.051184110026737756 0.1144132680803004
0 0.314014817086602 0.6298173447120838 0.04772139636296345 0.10697951403380045
2 0.24173556565640938 0.8027627558397116 0.1483778447889389 0.26102599154337486
2 0.17024154947740558 0.6357497623513418 0.11723160545455315 0.15895718322594432
0 0.05617058034059738 0.8004696724692028 0.08840129243972612 0.15806139543637301