1 0.21855431292217783 0.7427935023548302 0.05964996156820173 0.12289519610386503
0 0.21371418364821707 0.8499681188178108 0.077987583688586 0.13646703360580031
1 0.19415929914115793 0.9391128686176079 0.11389585519160153 0.11668988749530136
1 0.09589214856263209 0.9514156668427628 0.07319786639807663 0.09532600682083622
1 0.3873217032739455 0.7334307590100174 0.08837558829567732 0.16746356240584295
0 0.4794065222874423 0.7461911402976964 0.06480801202466499 0.1361940470141501
1 0.6069354080457814 0.7596841457801399 0.0956604431712268 0.2101220498365654
0 0.6350163777131195 0.6124252983045444 0.05882623833920667 0.1228781344418868
0 0.7176731461353876 0.5777108680987122 0.05458778270395734 0.11546144783287596
2 0.8029140402000068 0.7262894262018749 0.16447604654572529 0.2892337160894463
2 0.859130253838583 0.5359114264221476 0.12568281258100292 0.182894093793099
0 0.9673860763858475 0.6618816297967369 0.06522784722830507 0.1745731390992473