1 0.788499239936105 0.5986275865908437 0.04868756560238065 0.10710562519250542
0 0.8028901609742698 0.6961972309745765 0.06618916850836719 0.11498290818307441
1 0.833608454014674 0.8256940616414834 0.09468703196398744 0.20291615110468178
1 0.9345018489609929 0.7849184714371655 0.07321675328311009 0.16694335398987545
1 0.6282315699954226 0.6564175303117659 0.07330249837130831 0.14324097553769463
0 0.542421157222297 0.704780561786124 0.05220302944950901 0.11983801082512296
1 0.423241667307736 0.7667219105593895 0.07689702146760652 0.18526233180126395
0 0.38296580875015485 0.6419026837177093 0.04790140208036807 0.1070649868849097
0 0.30211456923588526 0.6418984852659874 0.043805780132937025 0.10127520316816045
2 0.23508412141802096 0.8120083529068292 0.1390384549519135 0.24286075522914896
2 0.16464062705429622 0.658766406254285 0.11033458607458349 0.1479442720840779
0 0.057701244493329445 0.8246639113813898 0.08286006388848526 0.14791857936292124