1 0.08130527355492052 0.8241147990033679 0.14336580168583468 0.22770019891459375
0 0.39761413234092474 0.6536900562712591 0.06367582265095993 0.14330517395569817
0 0.718616042062334 0.6791888162062183 0.07666064543802956 0.1492029913576799
1 0.9053786782220864 0.6686109923280839 0.11487546019078154 0.1885018933765774
0 0.9220829848003452 0.5726136228381271 0.06839190634290511 0.09868688429988505
0 0.9776374980029202 0.48845332300128724 0.04472500399415949 0.10134238659830619
2 0.8631117294630604 0.5062185113990698 0.10906612707528904 0.14665646858021328
0 0.6458354473339013 0.6028497611169971 0.06121170206046007 0.13319356950406572
0 0.48732035020950687 0.5778315849326193 0.05548723194058949 0.1172847441313327
0 0.27950923774031317 0.5951115177085704 0.06602679258063074 0.1188346458424891
2 0.19828337615811042 0.5383129341078434 0.09210015959386307 0.16233056883089045
1 0.07636969030871958 0.6779073034182963 0.06773240111920222 0.1447880113462669
0 0.10964184989896869 0.5680493207999178 0.07003151032932639 0.1044673391408388
1 0.11383016732261175 0.4858706492380153 0.0853248715482559 0.07292632871779575
0 0.1724383976230703 0.4413147520315395 0.045668466465533464 0.08836570384641712
1 0.1843676878735356 0.3720247413007552 0.06667215397173008 0.06841075222550191
1 0.26434027341158306 0.41730852193997836 0.06759567740403388 0.10300126783041691
2 0.33594747033171474 0.38270495142373984 0.07650506327938972 0.10165255908102268
0 0.3443552904474414 0.47556060229101715 0.0456778956872692 0.09124754822682059
1 0.402501759031748 0.41371783032215725 0.06678059002169118 0.10155196260014168
1 0.48235176468723073 0.4215376340161354 0.051402365807139964 0.1071563735995536
1 0.5524749397795811 0.4287375730958939 0.058709864583017524 0.11155458753081945
2 0.6385347503254258 0.47684032531496984 0.07659464088587929 0.12903008069485553
0 0.7265942922912849 0.39307354801036737 0.04077322756060897 0.07822895027456453
0 0.7838740829226017 0.43787159267654563 0.04163546105163064 0.09408747740685704
1 0.812844774428379 0.37561014905522794 0.06426932332251262 0.07703113624649195
2 0.8341310684377483 0.31775111088521313 0.05849299248309525 0.04527216678154008
0 0.7582881378363951 0.29620063118395135 0.0301818062010213 0.06082890447118928
1 0.7283892082874464 0.3224474030902991 0.054511847788738944 0.06684408443419886
1 0.6515782355994443 0.3765579129347383 0.03187798551785697 0.08390042559456377
0 0.6865913633097738 0.30342668008635704 0.03100632280509965 0.0651600540818678
2 0.6205813420160803 0.31491681427885393 0.05617031021863166 0.07838822803595952
1 0.5578906028876062 0.3501486324493857 0.03910533590898061 0.0638029622924004
1 0.5459916874588824 0.30488113753909585 0.02523942118741811 0.036282928997319386
1 0.5014400434712356 0.3111058935039411 0.04966375499249333 0.07111655276436354
1 0.4667165941803805 0.3489303411723432 0.031882700128724795 0.0853413477847655
1 0.39373589863896274 0.3352755928769339 0.036726078314102586 0.07962795726439909
1 0.2932308165326063 0.3305514010852314 0.05281095386103545 0.042331641120622626