1 0.11639701484526413 0.8902030727860917 0.1556501727746449 0.2188475186367966
0 0.4136156945296356 0.6681921081259944 0.07789359085504657 0.15896099826853882
0 0.7367079823709382 0.6199383775909754 0.09123740601183879 0.16797874878676816
1 0.922295215608132 0.5665083190035828 0.13344267154751735 0.21547408796089956
0 0.9299260034970495 0.46644206438497704 0.07838762982518399 0.11526314419702012
0 0.9752537994544618 0.3684007473653116 0.04949240109107651 0.11343225035398825
2 0.8645599456523441 0.4131003911642607 0.12331914965580858 0.1730134515350106
0 0.6568067780157912 0.5596049127313509 0.07430948758588098 0.1472313419800893
0 0.4963801013693047 0.5716758551219349 0.06733216526290953 0.1310606591407998
0 0.29017755511088794 0.6364713938309917 0.0772827613658958 0.13563738310818896
2 0.2038627018655298 0.5974191337155176 0.10805079390858083 0.18435297775088155
1 0.09469027181179485 0.7659491532570165 0.08206830519692815 0.1619612610489257
0 0.11786563256276214 0.6487882877890708 0.08017968145976674 0.12112797234124488
1 0.11444095588940513 0.5649944890721664 0.0925690755397608 0.09370257417142756
0 0.16909959999320662 0.5069812679896122 0.05419719274811409 0.09873625563928917
1 0.1741770593759004 0.4346796550821963 0.0734875554649358 0.08456608841371764
1 0.25852806519285215 0.46137516899787184 0.07764431138018021 0.11816163391499514
2 0.32690218367594764 0.41037070173129425 0.0866988816658751 0.119805943810272
0 0.3436515870845609 0.5019105983264707 0.054311723277329874 0.10310943348185476
1 0.3962127648092042 0.4264385902277912 0.07682463924903277 0.11814467173792657
1 0.4767214086688054 0.41602146010139923 0.06210871773144905 0.11929707849821301
1 0.5474130753761721 0.406536739073592 0.06963847428406444 0.12528064188191818
2 0.6379688874413384 0.4352916255825354 0.08906358594653671 0.14753666116732475
0 0.7180643052506693 0.3308087663983116 0.04815407308550578 0.08695571281963382
0 0.7791882742806678 0.36308974317676973 0.050251539464664007 0.10448234854403342
1 0.8027847103003252 0.2933219331803534 0.07203909541800035 0.09182079379718985
2 0.8183753092238666 0.2310123746922327 0.06300248355894271 0.05958120118102236
0 0.7407444970366004 0.22605553366137046 0.036182364289505234 0.06776780502288855
1 0.7133247874811285 0.25943956258948037 0.061039766125435053 0.07848075196760076
1 0.6414058725668382 0.3316658669804682 0.04007188230324625 0.09115926889151298
0 0.6696149266288054 0.2501344763414651 0.03711656694986865 0.07215794504252279
2 0.6047092508907608 0.2770016545885886 0.06384237410652494 0.09165117202650341
1 0.5453324374287521 0.3270906749336503 0.0453514651044159 0.07378529276073101
1 0.5294330337759386 0.28366421569522976 0.02897598090810222 0.04285076649846776
1 0.48559068396776267 0.30061515867967664 0.0562362638677655 0.0827521567477545
1 0.4543971169226645 0.34647466904706564 0.04014823598939011 0.09407472078655671
1 0.38025496589688396 0.3494674720192991 0.0440938892728401 0.08832862788181246
1 0.2794454029739538 0.36759728631001626 0.05711207126862211 0.05363156215145447