1 0.9406011898635652 0.6500560856508142 0.11879762027286953 0.2833957957785716
0 0.639879597634512 0.615406673233182 0.08442410558057037 0.1672571726258191
0 0.3380133806344371 0.7706853700701526 0.09759021446808264 0.17911860677890137
1 0.15778513098882285 0.8359631392086725 0.1407415325889562 0.23342758009733613
0 0.12681411020148395 0.7505356573499106 0.08189111157105138 0.12709254493261513
0 0.05540412524386493 0.6939187653029838 0.06808285299629879 0.12236942730542355
2 0.17232455109942116 0.6617532058180551 0.12846539845433338 0.19009753581510827
0 0.3948559056830126 0.6665062114343703 0.08012896443499348 0.15567081829252247
0 0.5423167548429427 0.578021848317156 0.07247657529727355 0.13825377590806115
0 0.7434470256537756 0.5105289383306899 0.08231829657777509 0.14571718676642603
2 0.8115216815204369 0.4217303575982472 0.11495288334577422 0.19826840099593962
1 0.950491497666543 0.5076434822942314 0.08852208441535148 0.17024753842043377
0 0.9012110136632185 0.4144900133854911 0.08444190795029162 0.13289822572743556
1 0.8837107464144457 0.3366384750386426 0.09436715237077938 0.10886801920031058
0 0.8208164217928546 0.31750843559460695 0.05804396940500154 0.10631002790837674
1 0.7984356832966695 0.25525366240243835 0.07555588219294435 0.09683153425281925
1 0.7288720367370263 0.3318370818205655 0.0819568323413166 0.1299578744455091
2 0.655435649385134 0.32741242435857726 0.090087069240614 0.13307327652184447
0 0.6624102840961715 0.4206856770656966 0.05891614178816993 0.10920036467761499
1 0.5967187102068461 0.38500497115348814 0.08111752034328087 0.12850020243271784
1 0.5218816399553542 0.4249178993723242 0.06656853092589013 0.12661740706207616
1 0.4562037519042854 0.4601040843915535 0.07399089736768198 0.13400579615140853
2 0.3815131812087354 0.5415392832910081 0.09471081423751662 0.15898627841961102
0 0.2841728321053885 0.49628730584269576 0.0512966130355824 0.09321598704960064
0 0.2369598080111077 0.5635422751433302 0.054883883723653805 0.10907532839589414
1 0.19918186691463546 0.5151265080169206 0.07407442050766831 0.10251217876591884
2 0.1698880979462134 0.4676896494603481 0.06367407267991271 0.07069346704795512
0 0.23839746782730403 0.4154115163891315 0.03870693306504528 0.07135090685773354
1 0.27133807142351174 0.42860196070086903 0.06326194568860047 0.08786043686897507
1 0.35321686933346114 0.4497523354254393 0.044071408904586044 0.09442358649895019
0 0.3080001316026306 0.3932318468314739 0.03964482621847884 0.07710657313986562
2 0.3729119574336346 0.37734912513976265 0.0667834956064067 0.10085444870237457
1 0.43839884000445883 0.3865380366858739 0.04777506311777635 0.08022197521620114
1 0.4425235223938218 0.3379899821329132 0.030083790388759128 0.04674553343469314
1 0.4861629616382879 0.32574256241742294 0.05932826877948217 0.09203339485659519
1 0.5253655448346317 0.34843288206864714 0.044137129674851214 0.09728891601184426
1 0.5924591738007113 0.30470072302342416 0.0480708065839695 0.09311595802422405
1 0.6877293186407051 0.2596948208155761 0.057897469849059795 0.06478775722775824