2 0.7352204909426224 0.7106613459892673 0.16712772897704525 0.19310743088830432
0 0.7670186458725864 0.8760353493342572 0.10583350266213172 0.181047209365972
0 0.9250443518468926 0.7733578494319998 0.08440602575345119 0.1594025471158508
0 0.3767979146257107 0.740530141445295 0.07339435199043867 0.16785761909106017
0 0.23043588283335467 0.6275556895240982 0.09082657149983954 0.15946903659940453
0 0.09626515494593979 0.6776087597616509 0.0949889334534439 0.1652248782409114
0 0.0437778418422728 0.557737106902119 0.0875556836845456 0.1394607254139604
0 0.16867003764044047 0.5183152105244098 0.0779656834837477 0.12791579738916978
2 0.4561741480378607 0.575592951570044 0.11656593122423607 0.19258382620531814
1 0.5401305047894261 0.46571809558562466 0.061186511330533815 0.13059840535198386
0 0.6257425362231253 0.5073299893278863 0.04847514417655344 0.10475945185603483
0 0.6681170198380776 0.5906484029771836 0.0635194555543737 0.12776619605117373
1 0.746136560814015 0.5235808227372417 0.09276591704508555 0.11093085276975281
2 0.8016841916775929 0.45628052930486174 0.08961060807963224 0.08233449064199151
0 0.7236690763638596 0.4004577219458838 0.03897404989576747 0.07895374310186282
1 0.6703345636469825 0.4291990535850016 0.07217838857023119 0.09072307313364718
0 0.6346873529331972 0.38024531048313875 0.03320655150556602 0.07318127908946752
2 0.5478329825409712 0.3707721182910122 0.06284661167487166 0.10205191033688801
0 0.4656642971197401 0.3356261963118209 0.031731139407765424 0.04745868218973758
1 0.449097295166934 0.4011867250953885 0.04694476817101211 0.10759997234228942
1 0.4009970595612104 0.4599903906253379 0.08378814578168997 0.10512514401558065
1 0.33276996915972673 0.4442797842698569 0.07811520434585927 0.13363008310345548
1 0.42568540706692387 0.32949635132532407 0.05590274291109292 0.0819854208533343
1 0.3657159655721485 0.35102418074530883 0.04737353423403185 0.09332256924201926
1 0.30470319728924544 0.32038421946610374 0.03927309161999051 0.09038231453043424
1 0.2613985744699982 0.41067463472273413 0.08098905527930246 0.1208061849880895
0 0.170838090141058 0.4354580676672669 0.06118429849943174 0.06918645629430102
1 0.14289993619382219 0.36800769666297356 0.08740960102569091 0.12087267447164322
0 0.05765070223819337 0.3585511268417354 0.05192728203512794 0.08337243635468455
2 0.039477516911540965 0.44474698507786864 0.07895503382308193 0.11520825587002297
2 0.2245299277365521 0.33170011365726076 0.08212583260624992 0.07225968997299358
1 0.21129855681183446 0.2851219408906933 0.05657337395949275 0.04628775750993701
1 0.10022641085464677 0.29611785444224786 0.07158030512178506 0.06786593027650448