2 0.24676478771327706 0.7463695923839536 0.1686618233255067 0.21914955239248923
0 0.21836061774930074 0.9052798174606451 0.10915061440202659 0.17481206024630677
0 0.06235356134613866 0.8482175465694909 0.08786930483043333 0.16974441782228436
0 0.5974214944288256 0.6997646655719421 0.07772237168060805 0.17490841452811925
0 0.7379451284157055 0.5592505830303838 0.09415861300653394 0.17000447657486054
0 0.8700843150113031 0.57891276035872 0.09896708493403246 0.1771827608627562
0 0.9200893550122289 0.4505169106535989 0.09234840989440955 0.1517830373057109
0 0.7960950964432563 0.43889329448066294 0.08117743715447232 0.13875810208646827
2 0.5164116986399194 0.5558478216564549 0.12057776136914748 0.20739006809124788
1 0.4323206350011353 0.46719609753854685 0.06464970503312373 0.1366787998162633
0 0.3494529187465232 0.5250623887370882 0.05093726013630337 0.10958986211787716
0 0.30975982398649515 0.6160407234569517 0.06618543575897985 0.13395051841502187
1 0.23222273451191447 0.5669009025161387 0.09435923543784076 0.12534424648876488
2 0.17713705081240366 0.5133430021575417 0.08927629112407415 0.097216241530478
0 0.25193303167672937 0.4418515576248289 0.04117393100863032 0.08406010918454378
1 0.30475204426493685 0.45851206050332044 0.07362621332016084 0.10215268682780883
0 0.3384753913142206 0.40337580233162573 0.03557929555911958 0.07684931755257617
2 0.42291510595354626 0.3754561757337983 0.06508820353252978 0.11017499431117324
0 0.502948908165234 0.3239885764406262 0.03210527460754716 0.0515796233718188
1 0.5202255501718027 0.3846934214934505 0.04940152941044725 0.11231814351911859
1 0.5683272529686231 0.43156064772523195 0.0856199459002797 0.1180034254805092
1 0.6347218029198285 0.40159539395167504 0.08123233163172615 0.14294804622054633
1 0.5416447532551536 0.3091275601565169 0.057756557607232736 0.09032935558882696
1 0.6008537138944269 0.3178464400366223 0.04921854781960168 0.09835166307219122
1 0.6595604611368098 0.2749381032792045 0.042106479803319434 0.09526580088615777
1 0.703712719505171 0.3533761935648965 0.08346273508417197 0.13326903193991324
0 0.7924302594585427 0.3587810759752626 0.06232715346663186 0.07935121529571702
1 0.8185115491967154 0.2872101147079752 0.08896587973826002 0.13349658334841724
0 0.901772018553022 0.25933924912625567 0.053039576475157446 0.09013431152439481
2 0.9373130744974141 0.3353416241073543 0.1141597087608314 0.13733011444810694
2 0.7382134096562367 0.2688940727826184 0.08207273231236903 0.08714713912098088
1 0.750234918134294 0.22093668277402123 0.05653123826719075 0.05677729517212916
1 0.8588352731265374 0.20807078102392795 0.07176111573078245 0.07974130342458113