2 0.7435874517448382 0.6696397952424111 0.15975293095452675 0.1809960123947878
0 0.7811105402994096 0.8288866584365316 0.09903548033413857 0.17342984061276437
0 0.9345243867771363 0.7070006714991777 0.07791196297139207 0.15289882969211988
0 0.3886103575134888 0.7473973539010254 0.06694262117429624 0.1624948937418428
0 0.23898883624190892 0.6555173288106296 0.08508899646421467 0.15312197682898637
0 0.10776557129583018 0.7227689986732709 0.08918762730788855 0.15892776564239694
0 0.05018475914219366 0.6109921945107941 0.08469913141406762 0.13323561319262273
0 0.17400821056679397 0.5553273081486556 0.07333992456682499 0.12294531360598203
2 0.4617426962086687 0.5740630951208847 0.10959723901551202 0.18369534607308646
1 0.540993863260558 0.45448296193115034 0.05667705559431725 0.1266860005896575
0 0.6276878685926439 0.4837282323720029 0.044214078041804036 0.10074590687669821
0 0.6728069735989867 0.5604027759823712 0.05818840941530984 0.12247422520593076
1 0.7480329228799409 0.4835354556615471 0.08889902283406234 0.10355483249598828
2 0.8004759044264588 0.41021567703170914 0.086747176430685 0.07509615333426031
0 0.7212791788783882 0.36441203218126295 0.03656363698808819 0.07637503246710443
1 0.6691615083420661 0.400812389692442 0.06862864864434846 0.08588952479257146
0 0.6317751164949655 0.3565479623011841 0.030897957316257812 0.07194010994651144
2 0.5452659142499463 0.3585278977340131 0.05928205068257333 0.09695563164038584
0 0.4624338359810879 0.3355507021161136 0.029571406582331938 0.044926679456556554
1 0.44836583265882934 0.40270877177357306 0.04267487671722956 0.10353722771497025
1 0.402469521460757 0.46730747012013585 0.08007139800233698 0.10044118801557579
1 0.3340560642174958 0.4609170377107988 0.07342346707757084 0.12720667724234566
1 0.42261712269479085 0.333949499341129 0.05333789597492367 0.07831616366524731
1 0.36344773243176454 0.36418095853462895 0.04399129801314854 0.08938227051306184
1 0.30172018305485837 0.34196717311474406 0.035988968850874464 0.08771387470442236
1 0.26200345993966273 0.4368948941148724 0.07718792787826144 0.1159670115103017
0 0.1732310212769386 0.47301532689124737 0.05866940560377087 0.06570563164038584
1 0.14257230855156602 0.4107968646712598 0.082742217535764 0.11472011584907675
0 0.057671926390076185 0.4120169845787245 0.048581054483290365 0.07958785345279101
2 0.039858467639795746 0.5007546078075056 0.07971693527959149 0.10928623893044334
2 0.22239687333544964 0.36359792798391094 0.0794030579163705 0.0663502789246667
1 0.20772383046383086 0.31933709526530335 0.055034052882982964 0.04287918240783917
1 0.09802787168243694 0.34546116329820936 0.06895268924932488 0.06176659164616263