1 0.389895702461464 0.5427846196890689 0.045095583586974804 0.0737659017301768
1 0.4023300073786838 0.6308720563276942 0.04481839628906966 0.10161660872458897
0 0.44832122681716546 0.7083121777496759 0.052375730595048804 0.10902476190391229
0 0.4457036073577346 0.5748810927056877 0.03685835129702413 0.073680596307729
1 0.49618607631454215 0.6083883928575392 0.05873539603497139 0.09736280096327846
1 0.5313172124075713 0.5310553920167584 0.031121053743063603 0.07508715817183939
0 0.5968751217351902 0.5353992592747804 0.03430088646302489 0.06925617770152238
2 0.6448537366236478 0.6091950179028139 0.06720274871695985 0.1091783116643188
1 0.6885189238838789 0.7569779835562485 0.08047907872003722 0.1562270909123603
1 0.8662260912155647 0.6847864556733787 0.095755874433882 0.1373275876372989
1 0.9413614146805035 0.6525800632138594 0.084817352064908 0.12548648530952428
0 0.9849101945634591 0.5680649685632425 0.030179610873081766 0.07813060654066975
0 0.9235768281071761 0.5226568522879025 0.04171439552398041 0.06933295258172548
1 0.870529055651649 0.5682857850553253 0.07245104043784012 0.0828450635831996
2 0.7652415391813763 0.5957819857434371 0.08859078762182665 0.10793383010285962
0 0.822100663171258 0.5135430794627595 0.03904187049396205 0.059043431336222835
2 0.8503700577304927 0.4852492730747586 0.048390476502954936 0.07380002389915598
2 0.7559099227655348 0.4769411476886085 0.05801626980985306 0.06070590946767728
2 0.752668640615204 0.521619902602018 0.05157030922291623 0.06796904342883915
0 0.6956251508754406 0.48951063377203197 0.03154206628599228 0.054567829476547446
0 0.6544677544746925 0.49055038231961584 0.02375461158797525 0.03542947101863175
2 0.6713933089102382 0.534704997688111 0.03697341149304326 0.07954569894702519