1 0.6242122765486756 0.5603407498877008 0.04913642421274201 0.08362147922399542
1 0.6074652197731174 0.6441141276538408 0.05013267541739069 0.11004003503767311
0 0.5572327686852874 0.7077893674000498 0.05842741703255908 0.11909362836506636
0 0.567083323227723 0.5768904170247813 0.04088002214771871 0.08043298853589836
1 0.5153181557827746 0.5950727204111775 0.06331224708131161 0.1104495380271915
1 0.48427968038908326 0.5083486186482098 0.035113959544753486 0.0802538309779841
0 0.41911928131064685 0.4931302166990467 0.037556374569129566 0.07593178580904666
2 0.3676272831604833 0.5531013763904284 0.07245946658808407 0.12392755227090173
1 0.3166241142746719 0.6878525947328364 0.08842650922768841 0.1728009338451482
1 0.14451809919702663 0.5644938652532627 0.1023339552452413 0.15857327417327097
1 0.07169019153792244 0.5101888128871584 0.09071556605148372 0.14501847811902602
0 0.02576239625333388 0.41347322847212625 0.04669400918836573 0.08794352439293285
0 0.09599903458168504 0.3863359968758837 0.044979468517621406 0.07762840690047466
1 0.14622247788110673 0.4472685942778737 0.07559141641594694 0.09910324180127232
2 0.249130660729835 0.5047072388285527 0.09308130197556941 0.1289662276714962
0 0.1970153563402472 0.40633342422735974 0.04162706627642331 0.06872837719415083
2 0.17042617571153384 0.37032380241254603 0.0524313171287222 0.08372385497137498
2 0.2644360575798698 0.3893705434709285 0.06060145520591864 0.07371586472105561
2 0.2655569123224907 0.43485068286231876 0.05487373215309842 0.07940180980243754
0 0.32393103537447215 0.41980568229032966 0.03416563277778625 0.06116665346342647
0 0.3643653602517523 0.43205685264440985 0.025794212062327227 0.04038285485744102
2 0.34527144877761706 0.47177797577371616 0.040918361697863975 0.08629809117519438