1 0.38995215311004783 0.5418529449575307 0.046251993620414676 0.07956305932647241
1 0.4055023923444976 0.6237558231306838 0.04704944178628389 0.10515603527097284
0 0.45374800637958534 0.6868864603065968 0.05502392344497608 0.11392670380688505
0 0.4445773524720893 0.5593306836683504 0.03827751196172249 0.07789466351783308
1 0.49521531100478466 0.5790630748289445 0.05980861244019139 0.10555274129206861
1 0.5251196172248804 0.4957469314556375 0.03269537480063796 0.07772110463360349
0 0.5881180223285486 0.48313478638556745 0.03588516746411483 0.07355891750251396
2 0.6379585326953748 0.5426646989452073 0.0685805422647528 0.11860956759066289
1 0.6866028708133971 0.6746749845125066 0.08373205741626795 0.16595565599071416
1 0.8536682615629984 0.5601056150487828 0.09728867623604466 0.15075215613812853
1 0.9246411483253588 0.5103137105337098 0.0861244019138756 0.1390414020060333
0 0.9708931419457735 0.41796656029814644 0.04784688995215311 0.0838740112154731
0 0.9015151515151515 0.3895838765605824 0.0430622009569378 0.07520251918483484
1 0.8524720893141946 0.4472166698746241 0.07256778309409888 0.09458581094952802
2 0.7527910685805422 0.49932161748261733 0.08851674641148326 0.12207032983953425
0 0.8034290271132376 0.4054176450068477 0.03987240829346093 0.06516016086137907
2 0.8293460925039873 0.3719413813560422 0.049441786283891544 0.07966223583174635
2 0.7384370015948963 0.38755200266544115 0.05741626794258373 0.06996699527674947
2 0.7372408293460925 0.43162328476400974 0.051834130781499205 0.07689570911979277
0 0.680622009569378 0.4149177586417135 0.03189792663476874 0.057809946870921405
0 0.6415470494417863 0.4253656253767741 0.024720893141945772 0.039120890643145986
2 0.6598883572567783 0.4638578604714488 0.03827751196172249 0.08357648169965128