2 0.4207453026682593 0.8514236643770746 0.1541662734188247 0.2656656590038607
1 0.6620102728136182 0.8159014910372728 0.12986166768581764 0.18329510961185133
0 0.9192305234005866 0.7225537291167656 0.0961692705700622 0.1691323433406316
2 0.84556552109444 0.5788388444105443 0.11843394659347753 0.19022751353459924
0 0.7212895286076684 0.6522561697689104 0.05662471555133193 0.1372987527917185
2 0.6904188694681389 0.5463202805564668 0.08196778737568947 0.1278834568919731
2 0.58103498556836 0.6617535223888446 0.11592724145630945 0.18286254969380525
0 0.5735392887896531 0.5543562182353721 0.04644529102273602 0.08451528226819272
0 0.5086755063184282 0.5691099352480117 0.05066764241216061 0.10359294309128461
1 0.44782395763376687 0.6598053473876268 0.07797434195614843 0.14379121880940582
0 0.36967402871723615 0.6376960781447044 0.04244230785444978 0.09896531823810374
1 0.3209893766526638 0.6230625849038459 0.06468790838037507 0.11714503653702765
1 0.20958073105781436 0.6093980239268232 0.04240415685946916 0.09313441444801611
0 0.19109966998154632 0.6773513600369969 0.048932920662413976 0.08896479421394297
1 0.16069521200865836 0.7507666517718659 0.07381875480793988 0.134917639618967
1 0.08446093493756447 0.7491291575469035 0.08534185338773126 0.1425624951714379
2 0.26522696597136497 0.8130614743823787 0.13248282580792778 0.20815278482290803