2 0.4483400899862281 0.8725807855396351 0.16100843778598206 0.2548384289207297
1 0.6810079000306513 0.8259198571392073 0.13323296273086638 0.18960577333841294
0 0.9257867809495064 0.7133370783275886 0.09987910319429127 0.17109965106330166
2 0.8448999680551302 0.5786998462828584 0.12214652853679817 0.19485455388558745
0 0.7284000648941452 0.6609216488019694 0.06049608375881903 0.13664649049034924
2 0.6920755846386537 0.5595251333006359 0.08438622923013614 0.1305011444198731
2 0.5926550017706567 0.6816976574870484 0.11955192280426313 0.18761194563549224
0 0.5790915750900903 0.5769630632187628 0.04875438937746152 0.08621423569231751
0 0.5162867692929507 0.5971934269186356 0.05401836127358755 0.10355659504965095
1 0.46299406245380564 0.6898825262676197 0.08158713872774863 0.14608242865784146
0 0.3856484717729213 0.6752619194074292 0.04591791865954621 0.10036694850171443
1 0.3372700973818406 0.6646954686912386 0.0680358231399419 0.11840756560971451
1 0.22771953558408783 0.6601567933119051 0.04573101758190685 0.09322409135885729
0 0.21388239578036858 0.7287941254005716 0.051274234678940954 0.09059970108526987
1 0.18895882178258108 0.802680238036413 0.07735001634308859 0.1373447482410159
1 0.11452556866621884 0.8074450965691747 0.08881025269243567 0.14638168197955564
2 0.2945636174893415 0.8555742145881592 0.13704131905250685 0.212595917671873