2 0.4290923824959481 0.8580691642651297 0.14910858995137763 0.25360230547550433
1 0.6677471636952999 0.8227665706051873 0.12641815235008103 0.17435158501440923
0 0.9226094003241491 0.7305475504322767 0.09238249594813615 0.16138328530259366
2 0.8500810372771475 0.5886167146974063 0.11426256077795786 0.1829971181556196
0 0.726904376012966 0.6613832853025937 0.05348460291734198 0.13256484149855907
2 0.696515397082658 0.5561959654178674 0.07941653160453808 0.12103746397694524
2 0.5883306320907618 0.670749279538905 0.1126418152350081 0.17435158501440923
0 0.5810372771474879 0.5641210374639769 0.04538087520259319 0.08213256484149856
0 0.516612641815235 0.579250720461095 0.04862236628849271 0.0994236311239193
1 0.456645056726094 0.6685878962536023 0.0753646677471637 0.138328530259366
0 0.3796596434359806 0.6469740634005764 0.04051863857374392 0.09654178674351585
1 0.33144246353322526 0.6325648414985591 0.06239870340356564 0.11239193083573487
1 0.22123176661264182 0.6188760806916427 0.041329011345218804 0.0893371757925072
0 0.2025931928687196 0.6865994236311239 0.04700162074554295 0.08501440922190202
1 0.17220421393841168 0.7586455331412104 0.0713128038897893 0.12968299711815562
1 0.09683954619124797 0.7564841498559077 0.08265802269043761 0.13688760806916425
2 0.2755267423014587 0.8198847262247838 0.1280388978930308 0.1988472622478386